239557417	240162217
240162217	240767017
240767017	241371817
241371817	241976617
241976617	242581417
242581417	243186217
243186217	243791017
243791017	244395817
244395817	245000617
245000617	245605417
245605417	246210217
246210217	246815017
246815017	247419817
247419817	248024617
248024617	248629417
248629417	249234217
249234217	249839017
249839017	250443817
250443817	251048617
251048617	251653417
251653417	252258217
252258217	252863017
252863017	253467817
253467817	254072617
254072617	254677417
254677417	255282217
255282217	255887017
255887017	256491817
256491817	257096617
257096617	257701417
257701417	258306217
258306217	258911017
258911017	259515817
259515817	260120617
260120617	260725417
260725417	261330217
261330217	261935017
261935017	262539817
262539817	263144617
263144617	263749417
263749417	264354217
264354217	264959017
264959017	265563817
265563817	266168617
266168617	266773417
266773417	267378217
267378217	267983017
267983017	268587817
268587817	269192617
269192617	269797417
269797417	270402217
270402217	271007017
271007017	271611817
271611817	272216617
272216617	272821417
272821417	273426217
273426217	274031017
274031017	274635817
274635817	275240617
275240617	275845417
275845417	276450217
276450217	277055017
277055017	277659817
277659817	278264617
278264617	278869417
278869417	279474217
279474217	280079017
280079017	280683817
280683817	281288617
281288617	281893417
281893417	282498217
282498217	283103017
283103017	283707817
283707817	284312617
284312617	284917417
284917417	285522217
285522217	286127017
286127017	286731817
286731817	287336617
287336617	287941417
287941417	288546217
288546217	289151017
289151017	289755817
289755817	290360617
290360617	290965417
290965417	291570217
291570217	292175017
292175017	292779817
292779817	293384617
293384617	293989417
293989417	294594217
294594217	295199017
295199017	295803817
295803817	296408617
296408617	297013417
297013417	297618217
297618217	298223017
298223017	298827817
298827817	299432617
299432617	300037417
300037417	300642217
300642217	301247017
301247017	301851817
301851817	302456617
302456617	303061417
303061417	303666217
303666217	304271017
304271017	304875817
304875817	305480617
305480617	306085417
306085417	306690217
306690217	307295017
307295017	307899817
307899817	308504617
308504617	309109417
309109417	309714217
309714217	310319017
310319017	310923817
310923817	311528617
311528617	312133417
312133417	312738217
312738217	313343017
313343017	313947817
313947817	314552617
314552617	315157417
315157417	315762217
315762217	316367017
316367017	316971817
316971817	317576617
317576617	318181417
318181417	318786217
318786217	319391017
319391017	319995817
319995817	320600617
320600617	321205417
321205417	321810217
321810217	322415017
322415017	323019817
323019817	323624617
323624617	324229417
324229417	324834217
324834217	325439017
325439017	326043817
326043817	326648617
326648617	327253417
327253417	327858217
327858217	328463017
328463017	329067817
329067817	329672617
329672617	330277417
330277417	330882217
330882217	331487017
331487017	332091817
332091817	332696617
332696617	333301417
333301417	333906217
333906217	334511017
334511017	335115817
335115817	335720617
335720617	336325417
336325417	336930217
336930217	337535017
337535017	338139817
338139817	338744617
338744617	339349417
339349417	339954217
339954217	340559017
340559017	341163817
341163817	341768617
341768617	342373417
342373417	342978217
342978217	343583017
343583017	344187817
344187817	344792617
344792617	345397417
345397417	346002217
346002217	346607017
346607017	347211817
347211817	347816617
347816617	348421417
348421417	349026217
349026217	349631017
349631017	350235817
350235817	350840617
350840617	351445417
351445417	352050217
352050217	352655017
352655017	353259817
353259817	353864617
353864617	354469417
354469417	355074217
355074217	355679017
355679017	356283817
356283817	356888617
356888617	357493417
357493417	358098217
358098217	358703017
358703017	359307817
359307817	359912617
359912617	360517417
360517417	361122217
361122217	361727017
361727017	362331817
362331817	362936617
362936617	363541417
363541417	364146217
364146217	364751017
364751017	365355817
365355817	365960617
365960617	366565417
366565417	367170217
367170217	367775017
367775017	368379817
368379817	368984617
368984617	369589417
369589417	370194217
370194217	370799017
370799017	371403817
371403817	372008617
372008617	372613417
372613417	373218217
373218217	373823017
373823017	374427817
374427817	375032617
375032617	375637417
375637417	376242217
376242217	376847017
376847017	377451817
377451817	378056617
378056617	378661417
378661417	379266217
379266217	379871017
379871017	380475817
380475817	381080617
381080617	381685417
381685417	382290217
382290217	382895017
382895017	383499817
383499817	384104617
384104617	384709417
384709417	385314217
385314217	385919017
385919017	386523817
386523817	387128617
387128617	387733417
387733417	388338217
388338217	388943017
388943017	389547817
389547817	390152617
390152617	390757417
390757417	391362217
391362217	391967017
391967017	392571817
392571817	393176617
393176617	393781417
393781417	394386217
394386217	394991017
394991017	395595817
395595817	396200617
396200617	396805417
396805417	397410217
397410217	398015017
398015017	398619817
398619817	399224617
399224617	399829417
399829417	400434217
400434217	401039017
401039017	401643817
401643817	402248617
402248617	402853417
402853417	403458217
403458217	404063017
404063017	404667817
404667817	405272617
405272617	405877417
405877417	406482217
406482217	407087017
407087017	407691817
407691817	408296617
408296617	408901417
408901417	409506217
409506217	410111017
410111017	410715817
410715817	411320617
411320617	411925417
411925417	412530217
412530217	413135017
413135017	413739817
413739817	414344617
414344617	414949417
414949417	415554217
415554217	416159017
416159017	416763817
416763817	417368617
417368617	417973417
417973417	418578217
418578217	419183017
419183017	419787817
419787817	420392617
420392617	420997417
420997417	421602217
421602217	422207017
422207017	422811817
422811817	423416617
423416617	424021417
424021417	424626217
424626217	425231017
425231017	425835817
425835817	426440617
426440617	427045417
427045417	427650217
427650217	428255017
428255017	428859817
428859817	429464617
429464617	430069417
430069417	430674217
430674217	431279017
431279017	431883817
431883817	432488617
432488617	433093417
433093417	433698217
433698217	434303017
434303017	434907817
434907817	435512617
435512617	436117417
436117417	436722217
436722217	437327017
437327017	437931817
437931817	438536617
438536617	439141417
439141417	439746217
439746217	440351017
440351017	440955817
440955817	441560617
441560617	442165417
442165417	442770217
442770217	443375017
443375017	443979817
443979817	444584617
444584617	445189417
445189417	445794217
445794217	446399017
446399017	447003817
447003817	447608617
447608617	448213417
448213417	448818217
448818217	449423017
449423017	450027817
450027817	450632617
450632617	451237417
451237417	451842217
451842217	452447017
452447017	453051817
453051817	453656617
453656617	454261417
454261417	454866217
454866217	455471017
455471017	456075817
456075817	456680617
456680617	457285417
457285417	457890217
457890217	458495017
458495017	459099817
459099817	459704617
459704617	460309417
460309417	460914217
460914217	461519017
461519017	462123817
462123817	462728617
462728617	463333417
463333417	463938217
463938217	464543017
464543017	465147817
465147817	465752617
465752617	466357417
466357417	466962217
466962217	467567017
467567017	468171817
468171817	468776617
468776617	469381417
469381417	469986217
469986217	470591017
470591017	471195817
471195817	471800617
471800617	472405417
472405417	473010217
473010217	473615017
473615017	474219817
474219817	474824617
474824617	475429417
475429417	476034217
476034217	476639017
476639017	477243817
477243817	477848617
477848617	478453417
478453417	479058217
479058217	479663017
479663017	480267817
480267817	480872617
480872617	481477417
481477417	482082217
482082217	482687017
482687017	483291817
483291817	483896617
483896617	484501417
484501417	485106217
485106217	485711017
485711017	486315817
486315817	486920617
486920617	487525417
487525417	488130217
488130217	488735017
488735017	489339817
489339817	489944617
489944617	490549417
490549417	491154217
491154217	491759017
491759017	492363817
492363817	492968617
492968617	493573417
493573417	494178217
494178217	494783017
494783017	495387817
495387817	495992617
495992617	496597417
496597417	497202217
497202217	497807017
497807017	498411817
